PERMX
2.972073924
5.779920915
5.745919783
4.469917714
9.96022837
5.601419232
1.7047867
0.880197469
1.037280516
0.6179968
1.72180817
11.50739647
25.24403777
140.0696782
94.96325241
10.5804716
13.10508077
6.139295524
6.429456442
11.72824459
16.25239041
3.389898568
3.276513829
1.983902769
6.020317507
4.143745131
11.88836273
49.91542134
220.3021471
75.1713369
10.369305
16.84190288
11.02229456
15.0735266
7.811679613
4.994463505
7.977140389
3.609430487
4.194105134
5.725271661
6.292635617
8.639459301
33.21262252
133.8486923
91.03554185
15.17516181
12.27580191
8.715299113
22.49133221
6.075656201
13.88667851
12.0880819
5.783794759
8.297132723
24.85428072
34.91442264
17.80875161
60.47439184
366.2514063
196.2638642
15.20067751
6.248366065
23.42280218
6.727408482
17.83120478
15.18533258
16.92750815
12.21249979
38.32912304
81.47612235
92.84672359
71.17844259
98.43731996
348.1488088
173.2819436
10.56165511
13.97304337
32.10012743
3.961409911
41.26356883
24.62937903
87.57713956
57.11347053
78.82183087
144.4986262
220.2294594
141.5991247
334.0096885
495.0704125
152.3453526
3.456823141
9.368378228
8.183091392
18.65361573
47.25885293
83.66075579
92.4501888
100.3375498
244.4864773
214.0886111
317.1611486
105.5136153
69.44812007
168.4821821
53.80842213
9.60659652
20.9932299
66.72368584
30.22199589
59.25025003
137.4472215
176.593415
249.6350372
211.9838304
356.9979359
222.5918889
144.3989565
82.68184091
163.2397534
90.68482198
27.21096454
42.78210895
60.34994282
66.70500583
70.28159795
95.79112119
73.9034861
107.7571409
282.1051856
269.9724725
134.2656097
294.3413064
150.3160384
88.08656287
85.39777102
380.2199876
131.6306639
68.47782704
88.42281283
157.9628691
63.14161116
65.40966301
77.41495663
131.5332932
190.5529293
118.8984777
64.42617535
15.95959156
24.69498039
26.46756444
797.785688
826.5083334
91.77500648
80.37635171
147.2305904
143.7175622
122.6481884
37.37118676
70.66709166
178.4145901
99.62070256
62.44086819
7.235503862
13.01366553
20.57362674
419.3265617
1236.722482
121.5651095
118.9781663
73.62318576
73.72190695
134.7215425
121.0447122
192.6721423
143.8038186
96.29342112
41.39292614
7.281449867
19.96698181
65.82107001
373.6613851
463.6592929
506.9842814
194.0042372
143.3271816
167.8095994
156.9394402
54.65332202
104.3280227
138.9438646
186.307773
40.92413554
29.61941327
22.26108307
44.48713294
1871.920148
463.5897492
119.1531928
167.4006431
170.2026864
201.1759705
224.7952527
53.12990753
149.4900746
52.50350871
24.2185774
16.04632738
10.59476488
15.50247983
62.56712623
275.6963282
169.3690395
266.9389552
602.2484092
390.6765579
273.5569974
729.719344
65.91064756
74.01368437
16.85032594
10.05037553
11.67103347
16.22446032
26.55345842
44.88348905
/